% data for aircraft part
GTM_wing_3s_data = [86.093636 11.000000 -0.853147
85.597089 11.000000 -0.884335
85.100608 11.000000 -0.916602
84.604070 11.000000 -0.947958
84.107423 11.000000 -0.977542
83.610760 11.000000 -1.006860
83.114145 11.000000 -1.036972
82.617537 11.000000 -1.067222
82.120893 11.000000 -1.096847
81.624180 11.000000 -1.125290
81.127391 11.000000 -1.152377
80.630533 11.000000 -1.178166
80.133618 11.000000 -1.202822
79.636657 11.000000 -1.226499
79.139648 11.000000 -1.249198
78.642591 11.000000 -1.270815
78.145484 11.000000 -1.291238
77.648322 11.000000 -1.310280
77.151105 11.000000 -1.327833
76.653853 11.000000 -1.344402
76.156590 11.000000 -1.360621
75.659331 11.000000 -1.376956
75.162069 11.000000 -1.393174
74.664787 11.000000 -1.408808
74.167475 11.000000 -1.423450
73.670135 11.000000 -1.437120
73.172775 11.000000 -1.450025
72.675411 11.000000 -1.462741
72.178104 11.000000 -1.477534
71.680711 11.000000 -1.488805
71.183259 11.000000 -1.497319
70.685842 11.000000 -1.507767
70.188354 11.000000 -1.513415
69.690838 11.000000 -1.510392
69.193378 11.000000 -1.502220
68.695979 11.000000 -1.490901
68.198743 11.000000 -1.473828
67.701900 11.000000 -1.447851
67.205739 11.000000 -1.411137
66.710406 11.000000 -1.364574
66.216043 11.000000 -1.308596
65.723046 11.000000 -1.241613
65.231794 11.000000 -1.162891
64.742534 11.000000 -1.072637
64.255475 11.000000 -0.971160
63.772352 11.000000 -0.852368
63.294856 11.000000 -0.712775
62.824764 11.000000 -0.550073
62.369844 11.000000 -0.349205
62.011880 11.000000 -0.015110
62.082268 11.000000 0.456861
62.462634 11.000000 0.771115
62.918794 11.000000 0.967612
63.400100 11.000000 1.092916
63.887528 11.000000 1.192387
64.379291 11.000000 1.267674
64.873175 11.000000 1.327636
65.368410 11.000000 1.375283
65.864725 11.000000 1.409912
66.361722 11.000000 1.432672
66.859063 11.000000 1.446142
67.356530 11.000000 1.453608
67.854050 11.000000 1.455329
68.351548 11.000000 1.450235
68.848939 11.000000 1.438615
69.346141 11.000000 1.420524
69.843059 11.000000 1.395779
70.339616 11.000000 1.364637
70.835809 11.000000 1.328230
71.331745 11.000000 1.288480
71.827574 11.000000 1.247424
72.323325 11.000000 1.205416
72.818872 11.000000 1.161074
73.314281 11.000000 1.115208
73.809540 11.000000 1.067736
74.304435 11.000000 1.016612
74.799308 11.000000 0.965311
75.294355 11.000000 0.915694
75.788938 11.000000 0.861676
76.283010 11.000000 0.803151
76.777042 11.000000 0.744279
77.271191 11.000000 0.686386
77.764964 11.000000 0.625365
78.258236 11.000000 0.560438
78.750965 11.000000 0.491514
79.243130 11.000000 0.418672
79.734866 11.000000 0.342981
80.226345 11.000000 0.265645
80.717691 11.000000 0.187469
81.208906 11.000000 0.108476
81.699722 11.000000 0.027037
82.189884 11.000000 -0.058243
82.679343 11.000000 -0.147464
83.168069 11.000000 -0.240629
83.656092 11.000000 -0.337410
84.143612 11.000000 -0.436704
84.630862 11.000000 -0.537304
85.118101 11.000000 -0.637963
85.605603 11.000000 -0.737340
86.093636 12.350000 -0.609265
85.612649 12.350000 -0.635462
85.131716 12.350000 -0.662677
84.650742 12.350000 -0.689132
84.169688 12.350000 -0.714078
83.688638 12.350000 -0.739117
83.207663 12.350000 -0.765572
82.726757 12.350000 -0.793225
82.245872 12.350000 -0.821256
81.764963 12.350000 -0.848872
81.284010 12.350000 -0.875713
80.803010 12.350000 -0.901699
80.321967 12.350000 -0.926882
79.840886 12.350000 -0.951306
79.359763 12.350000 -0.974911
78.878596 12.350000 -0.997568
78.397378 12.350000 -1.019138
77.916104 12.350000 -1.039428
77.434773 12.350000 -1.058318
76.953403 12.350000 -1.076186
76.472019 12.350000 -1.093634
75.990639 12.350000 -1.111215
75.509253 12.350000 -1.128655
75.027845 12.350000 -1.145454
74.546403 12.350000 -1.161251
74.064933 12.350000 -1.176170
73.583442 12.350000 -1.190383
73.101939 12.350000 -1.204208
72.620500 12.350000 -1.220075
72.138948 12.350000 -1.231687
71.657355 12.350000 -1.241737
71.175794 12.350000 -1.253310
70.694122 12.350000 -1.258934
70.212425 12.350000 -1.255822
69.730785 12.350000 -1.248165
69.249194 12.350000 -1.237928
68.767757 12.350000 -1.222090
68.286715 12.350000 -1.197037
67.806390 12.350000 -1.160742
67.326818 12.350000 -1.115545
66.848046 12.350000 -1.062512
66.370532 12.350000 -0.999155
65.894632 12.350000 -0.924712
65.420549 12.350000 -0.839476
64.948496 12.350000 -0.743593
64.479614 12.350000 -0.633237
64.014855 12.350000 -0.506735
63.555545 12.350000 -0.361826
63.107875 12.350000 -0.184452
62.741803 12.350000 0.116656
62.824021 12.350000 0.567430
63.202841 12.350000 0.860216
63.646730 12.350000 1.044600
64.113913 12.350000 1.161516
64.585838 12.350000 1.257774
65.062098 12.350000 1.329858
65.540261 12.350000 1.388048
66.019682 12.350000 1.434709
66.500084 12.350000 1.469795
66.981154 12.350000 1.494198
67.462581 12.350000 1.510346
67.944126 12.350000 1.522269
68.425768 12.350000 1.529386
68.907471 12.350000 1.529308
69.389118 12.350000 1.521926
69.870614 12.350000 1.507873
70.351899 12.350000 1.487891
70.832911 12.350000 1.462187
71.313649 12.350000 1.431748
71.794188 12.350000 1.398345
72.274624 12.350000 1.363482
72.754969 12.350000 1.327366
73.235146 12.350000 1.289067
73.715210 12.350000 1.249396
74.195122 12.350000 1.207916
74.674650 12.350000 1.162229
75.154189 12.350000 1.116662
75.633937 12.350000 1.073341
76.113195 12.350000 1.024890
76.592034 12.350000 0.972451
77.070777 12.350000 0.919145
77.549600 12.350000 0.866575
78.028121 12.350000 0.811342
78.506160 12.350000 0.752089
78.983665 12.350000 0.688647
79.460529 12.350000 0.620537
79.936778 12.350000 0.548265
80.412719 12.350000 0.473995
80.888606 12.350000 0.399380
81.364441 12.350000 0.324437
81.839787 12.350000 0.246459
82.314275 12.350000 0.163423
82.787971 12.350000 0.075970
83.260998 12.350000 -0.015029
83.733497 12.350000 -0.108735
84.205612 12.350000 -0.204352
84.677501 12.350000 -0.301085
85.149333 12.350000 -0.398091
85.621311 12.350000 -0.494388
86.093637 13.700000 -0.366476
85.628231 13.700000 -0.388703
85.162846 13.700000 -0.411363
84.697466 13.700000 -0.434106
84.232086 13.700000 -0.456870
83.766725 13.700000 -0.480048
83.301411 13.700000 -0.504117
82.836159 13.700000 -0.529381
82.370961 13.700000 -0.555597
81.905789 13.700000 -0.582284
81.440617 13.700000 -0.608967
80.975429 13.700000 -0.635354
80.510212 13.700000 -0.661249
80.044958 13.700000 -0.686465
79.579660 13.700000 -0.710869
79.114316 13.700000 -0.734363
78.648923 13.700000 -0.756845
78.183474 13.700000 -0.778168
77.717970 13.700000 -0.798237
77.252423 13.700000 -0.817316
76.786860 13.700000 -0.835950
76.321303 13.700000 -0.854731
75.855739 13.700000 -0.873384
75.390157 13.700000 -0.891532
74.924549 13.700000 -0.909036
74.458916 13.700000 -0.925851
73.993252 13.700000 -0.941832
73.527565 13.700000 -0.957019
73.061925 13.700000 -0.973646
72.596147 13.700000 -0.985366
72.130353 13.700000 -0.996532
71.664568 13.700000 -1.008375
71.198654 13.700000 -1.012649
70.732726 13.700000 -1.010050
70.266841 13.700000 -1.003209
69.801011 13.700000 -0.993222
69.335342 13.700000 -0.977276
68.870062 13.700000 -0.952396
68.405450 13.700000 -0.917271
67.941476 13.700000 -0.874585
67.478170 13.700000 -0.825217
67.015991 13.700000 -0.766242
66.555304 13.700000 -0.696579
66.096352 13.700000 -0.616294
65.639302 13.700000 -0.525794
65.184579 13.700000 -0.424242
64.732675 13.700000 -0.310809
64.284912 13.700000 -0.182045
63.845617 13.700000 -0.026980
63.475986 13.700000 0.244111
63.566611 13.700000 0.672902
63.940500 13.700000 0.946891
64.372467 13.700000 1.119463
64.824773 13.700000 1.231061
65.281262 13.700000 1.324158
65.742101 13.700000 1.392730
66.204648 13.700000 1.448755
66.668278 13.700000 1.494945
67.132800 13.700000 1.531046
67.597976 13.700000 1.557508
68.063525 13.700000 1.576385
68.529206 13.700000 1.591511
68.995016 13.700000 1.602089
69.460935 13.700000 1.605581
69.926852 13.700000 1.601600
70.392670 13.700000 1.591176
70.858350 13.700000 1.575786
71.323859 13.700000 1.555875
71.789183 13.700000 1.532004
72.254341 13.700000 1.505101
