% data for aircraft part
GTM_wing_data = [79.989327 10.500000 -1.310957
79.740476 10.500000 -1.322597
79.491614 10.500000 -1.333985
79.242740 10.500000 -1.345128
78.993855 10.500000 -1.356004
78.744957 10.500000 -1.366588
78.496046 10.500000 -1.376856
78.247121 10.500000 -1.386782
77.998182 10.500000 -1.396342
77.749227 10.500000 -1.405515
77.500259 10.500000 -1.414320
77.251281 10.500000 -1.422812
77.002294 10.500000 -1.431048
76.753300 10.500000 -1.439082
76.504301 10.500000 -1.446969
65.333631 10.500000 -1.310918
65.087791 10.500000 -1.271030
64.842463 10.500000 -1.228104
64.597659 10.500000 -1.182291
64.353378 10.500000 -1.133772
64.109670 10.500000 -1.082464
63.866820 10.500000 -1.027238
63.625183 10.500000 -0.966932
63.385067 10.500000 -0.900847
63.146494 10.500000 -0.829408
62.909584 10.500000 -0.752614
62.674941 10.500000 -0.669132
62.443933 10.500000 -0.576079
62.216862 10.500000 -0.473842
61.999776 10.500000 -0.352298
61.817492 10.500000 -0.183753
61.712980 10.500000 0.038814
61.744887 10.500000 0.283597
61.870493 10.500000 0.496720
62.059825 10.500000 0.657602
62.274387 10.500000 0.783663
62.501907 10.500000 0.884705
62.737057 10.500000 0.966532
62.977573 10.500000 1.031118
63.220286 10.500000 1.086953
63.464069 10.500000 1.137914
63.709098 10.500000 1.182512
63.955162 10.500000 1.220972
64.201902 10.500000 1.254824
64.449090 10.500000 1.285241
64.696616 10.500000 1.312771
64.944456 10.500000 1.337333
65.192592 10.500000 1.358689
65.440998 10.500000 1.376651
65.689617 10.500000 1.391373
65.938393 10.500000 1.403144
66.187281 10.500000 1.412258
66.436243 10.500000 1.419045
66.685252 10.500000 1.423854
66.934286 10.500000 1.427025
67.183336 10.500000 1.428685
67.432392 10.500000 1.428786
67.681443 10.500000 1.427273
67.930480 10.500000 1.424153
68.179493 10.500000 1.419495
68.428473 10.500000 1.413374
68.677416 10.500000 1.405802
68.926307 10.500000 1.396688
69.175134 10.500000 1.385934
69.423882 10.500000 1.373486
69.672542 10.500000 1.359397
69.921108 10.500000 1.343735
70.169573 10.500000 1.326593
70.417945 10.500000 1.308146
70.666229 10.500000 1.288583
70.914442 10.500000 1.268110
71.162602 10.500000 1.247016
71.410735 10.500000 1.225609
71.658863 10.500000 1.204148
71.906977 10.500000 1.182523
72.155054 10.500000 1.160466
72.403070 10.500000 1.137739
72.651025 10.500000 1.114365
72.898936 10.500000 1.090519
73.146816 10.500000 1.066364
73.394660 10.500000 1.041836
73.642443 10.500000 1.016690
73.890138 10.500000 0.990693
74.137759 10.500000 0.964004
74.385369 10.500000 0.937208
74.633030 10.500000 0.910905
74.880752 10.500000 0.885167
75.128457 10.500000 0.859275
75.376063 10.500000 0.832448
75.623507 10.500000 0.804168
75.870789 10.500000 0.774516
76.117981 10.500000 0.744107
76.365176 10.500000 0.713727
76.612418 10.500000 0.683723
76.859710 10.500000 0.654140
77.107015 10.500000 0.624664
77.354217 10.500000 0.594357
77.601261 10.500000 0.562771
77.848185 10.500000 0.530252
78.094993 10.500000 0.496862
78.341672 10.500000 0.462528
78.588210 10.500000 0.427196
78.834617 10.500000 0.390957
79.080913 10.500000 0.353983
79.327124 10.500000 0.316443
79.573262 10.500000 0.278438
79.819336 10.500000 0.240012
80.065348 10.500000 0.201204
80.311306 10.500000 0.162047
80.557213 10.500000 0.122569
80.803072 10.500000 0.082800
81.048879 10.500000 0.042708
81.294612 10.500000 0.002171
81.540252 10.500000 -0.038937
81.785777 10.500000 -0.080720
82.031173 10.500000 -0.123253
82.276426 10.500000 -0.166604
82.521520 10.500000 -0.210847
82.766438 10.500000 -0.256057
83.011161 10.500000 -0.302310
83.255676 10.500000 -0.349652
83.500001 10.500000 -1.113428
83.249249 10.500000 -1.129313
82.998492 10.500000 -1.145099
82.747723 10.500000 -1.160684
82.496939 10.500000 -1.176016
82.246136 10.500000 -1.191057
81.995314 10.500000 -1.205771
81.744472 10.500000 -1.220142
81.493609 10.500000 -1.234155
81.242726 10.500000 -1.247800
80.991824 10.500000 -1.261087
80.740904 10.500000 -1.274032
80.489967 10.500000 -1.286653
80.239016 10.500000 -1.298968
76.255301 10.500000 -1.454766
76.008099 10.500000 -1.462517
75.760901 10.500000 -1.470313
75.513702 10.500000 -1.478112
75.266502 10.500000 -1.485873
75.019299 10.500000 -1.493551
74.772093 10.500000 -1.501104
74.524881 10.500000 -1.508492
74.277664 10.500000 -1.515686
74.030440 10.500000 -1.522673
73.783211 10.500000 -1.529440
73.535975 10.500000 -1.535977
73.288733 10.500000 -1.542282
73.041486 10.500000 -1.548354
72.794235 10.500000 -1.554286
72.546993 10.500000 -1.560541
72.299765 10.500000 -1.567376
72.052547 10.500000 -1.574540
71.805310 10.500000 -1.580982
71.558035 10.500000 -1.585805
71.310743 10.500000 -1.589638
71.063451 10.500000 -1.593481
70.816174 10.500000 -1.598188
70.568901 10.500000 -1.603086
70.321611 10.500000 -1.607040
70.074300 10.500000 -1.609144
69.826979 10.500000 -1.609177
69.585599 10.500000 -1.607488
69.344231 10.500000 -1.604468
69.102877 10.500000 -1.600492
68.861538 10.500000 -1.595664
68.620223 10.500000 -1.589807
68.378939 10.500000 -1.582724
68.137705 10.500000 -1.574162
67.896539 10.500000 -1.563857
67.655468 10.500000 -1.551542
67.414523 10.500000 -1.536953
67.202649 10.500000 -1.522119
66.990907 10.500000 -1.505476
66.779314 10.500000 -1.487064
66.537607 10.500000 -1.463908
66.296133 10.500000 -1.438441
66.054930 10.500000 -1.410533
65.814038 10.500000 -1.380055
65.573503 10.500000 -1.346877
83.500001 11.939600 -0.828759
83.250868 11.939600 -0.842900
83.001752 11.939600 -0.857340
82.752648 11.939600 -0.871986
82.503548 11.939600 -0.886698
82.254444 11.939600 -0.901332
82.005329 11.939600 -0.915787
81.756201 11.939600 -0.930018
81.507058 11.939600 -0.943989
81.257900 11.939600 -0.957680
81.008726 11.939600 -0.971103
80.759540 11.939600 -0.984274
80.510341 11.939600 -0.997206
80.261131 11.939600 -1.009915
80.011910 11.939600 -1.022414
79.762679 11.939600 -1.034708
79.513438 11.939600 -1.046778
79.264184 11.939600 -1.058608
79.014919 11.939600 -1.070179
78.765641 11.939600 -1.081473
78.516349 11.939600 -1.092473
78.267043 11.939600 -1.103153
78.017722 11.939600 -1.113482
77.768386 11.939600 -1.123423
77.519034 11.939600 -1.132979
77.269671 11.939600 -1.142216
77.020299 11.939600 -1.151208
76.770921 11.939600 -1.160036
76.521540 11.939600 -1.168791
76.272161 11.939600 -1.177565
76.022784 11.939600 -1.186400
75.773407 11.939600 -1.195237
75.524027 11.939600 -1.204002
75.274642 11.939600 -1.212627
75.025250 11.939600 -1.221048
74.775849 11.939600 -1.229199
74.526439 11.939600 -1.237049
74.277021 11.939600 -1.244639
74.027596 11.939600 -1.252016
73.778166 11.939600 -1.259214
73.528731 11.939600 -1.266233
73.279290 11.939600 -1.273066
73.029852 11.939600 -1.279949
72.780435 11.939600 -1.287592
72.531035 11.939600 -1.295747
72.281612 11.939600 -1.303198
72.032132 11.939600 -1.308231
71.782632 11.939600 -1.312331
71.533160 11.939600 -1.317888
71.283700 11.939600 -1.323955
71.034229 11.939600 -1.329542
70.784732 11.939600 -1.333815
70.535202 11.939600 -1.335521
70.285668 11.939600 -1.334672
70.036146 11.939600 -1.332133
69.786640 11.939600 -1.328408
69.537148 11.939600 -1.323936
69.287664 11.939600 -1.318927
69.038203 11.939600 -1.312926
68.788785 11.939600 -1.305355
68.539441 11.939600 -1.295676
68.290204 11.939600 -1.283484
68.041126 11.939600 -1.268396
67.792253 11.939600 -1.250208
67.543598 11.939600 -1.229278
67.295146 11.939600 -1.206074
67.046887 11.939600 -1.180889
66.798865 11.939600 -1.153458
66.551144 11.939600 -1.123404
66.303791 11.939600 -1.090430
66.056854 11.939600 -1.054492
65.810366 11.939600 -1.015599
65.564362 11.939600 -0.973781
65.318860 11.939600 -0.929134
65.073871 11.939600 -0.881767
64.829451 11.939600 -0.831530
64.585834 11.939600 -0.777524
64.343281 11.939600 -0.718911
64.101969 11.939600 -0.655382
63.861819 11.939600 -0.587605
63.622959 11.939600 -0.515409
63.386090 11.939600 -0.436952
63.152567 11.939600 -0.349080
62.922686 11.939600 -0.252136
62.706378 11.939600 -0.128692
62.534581 11.939600 0.050386
62.494538 11.939600 0.290153
62.587677 11.939600 0.519594
